x1 = 1 : 0.01 : 4;
y = x1+1;
xlabel)